69	24	21	1994-01-01
12	46	1	1982-01-01
56	9	11	1985-01-01
22	46	48	1987-01-01
23	46	48	1987-01-01
66	24	21	1992-01-01
8	46	2	1980-01-01
53	14	10	1987-01-01
45	28	20	2050-01-01
67	28	21	1992-01-01
28	46	1	1975-01-01
28	1	48	1981-01-01
41	28	26	1972-01-01
4	46	1	1983-01-01
13	1	3	2050-01-01
25	46	49	2051-01-01
26	46	49	2051-01-01
68	24	21	2037-01-01
73	27	31	1978-01-01
15	1	3	1980-01-01
17	1	3	1980-01-01
16	46	3	1980-01-01
78	27	31	1987-01-01
14	1	3	1986-01-01
55	9	12	1986-01-01
61	9	26	1994-01-01
30	48	49	2068-03-07
30	12	27	2068-03-07
3	5	7	1980-02-05
