2015 5 01 21 10
2015 5 01 23 36
2015 5 02 00 54
2015 5 02 05 04
2015 5 02 05 06
2015 5 02 05 49
2015 5 02 12 36
2015 5 02 19 25
2015 5 03 01 33
2015 5 03 01 33
2015 5 03 15 31
2015 5 03 16 48
2015 5 04 06 25
2015 5 04 15 55
2015 5 04 22 58
2015 5 05 08 46
2015 5 05 23 52
2015 5 06 01 17
2015 5 06 07 25
2015 5 06 13 55
2015 5 06 15 21
2015 5 06 15 30
2015 5 06 15 50
2015 5 06 17 59
2015 5 06 18 17
2015 5 06 18 25
2015 5 06 18 26
2015 5 06 18 26
2015 5 06 18 32
2015 5 06 18 32
2015 5 06 18 42
2015 5 06 18 43
2015 5 06 18 56
2015 5 06 18 57
2015 5 06 19 12
2015 5 06 19 13
2015 5 06 19 20
2015 5 06 19 40
2015 5 06 19 40
2015 5 07 01 27
2015 5 07 01 39
2015 5 07 01 39
2015 5 07 02 00
2015 5 07 04 38
2015 5 07 08 49
2015 5 07 16 34
2015 5 07 16 34
2015 5 07 17 39
2015 5 07 19 17
2015 5 07 23 21
2015 5 07 23 51
2015 5 08 00 59
2015 5 08 00 59
2015 5 08 01 05
2015 5 08 05 59
2015 5 08 05 59
2015 5 08 06 00
2015 5 08 06 04
2015 5 08 06 04
2015 5 08 06 18
2015 5 08 06 19
2015 5 08 06 21
2015 5 08 06 21
2015 5 08 06 36
2015 5 08 10 00
2015 5 08 20 42
2015 5 09 01 20
2015 5 09 05 04
2015 5 09 05 04
2015 5 09 05 05
2015 5 09 11 41
2015 5 09 12 44
2015 5 09 16 18
2015 5 09 16 18
2015 5 09 19 19
2015 5 10 02 32
2015 5 10 02 37
2015 5 10 04 43
2015 5 10 05 47
2015 5 10 08 04
2015 5 10 15 18
2015 5 10 18 16
2015 5 10 18 17
2015 5 11 04 06
2015 5 11 04 08
2015 5 11 04 48
2015 5 11 08 15
2015 5 11 10 54
2015 5 11 12 01
2015 5 11 18 25
2015 5 11 18 53
2015 5 11 18 53
2015 5 11 20 03
2015 5 12 00 21
2015 5 12 02 04
2015 5 12 22 18
2015 5 12 22 23
2015 5 13 02 36
2015 5 13 03 47
2015 5 13 03 48
2015 5 13 07 39
2015 5 13 08 19
2015 5 13 20 02
2015 5 14 07 47
2015 5 14 07 47
2015 5 14 07 47
2015 5 14 07 54
2015 5 14 07 54
2015 5 14 08 02
2015 5 14 14 43
2015 5 14 20 19
2015 5 14 20 19
2015 5 14 22 55
2015 5 15 04 23
2015 5 15 06 05
2015 5 15 10 33
2015 5 15 11 25
2015 5 15 14 40
2015 5 16 00 14
2015 5 16 06 06
2015 5 16 12 57
2015 5 16 13 35
2015 5 16 15 27
2015 5 17 02 58
2015 5 17 02 58
2015 5 17 02 58
2015 5 17 19 18
2015 5 31 23 21
